7382 5855 2842 5839 5570 8932 2017 6862 8091 7006 7469 1721 9466 1563 1180 2592 6163 2398 5475 7560 6102 3583 8786 7439 1277 4392 6980 2009 7736 1211 7890 1707 4719 3737 8393 9257 5857 4390 7373 7334 9413 9041 7488 7213 8381 5526 6674 3449 3929 9539 9285 1079 3864 4559 1863 8615 8133 9719 6129 2221 6570 3772 3492 1193 9243 5989 2955 3012 9323 4320 3878 6057 9173 5548 8149 4568 2827 2012 9193 2906
7387 6660 1805 3813 1792 6333 3930 2517 6501 6486 9515 7304 1422 2555 8513 6252 8552 4440 5924 4297 4886 6222 5085 4226 2571 1919 3590 3753 7707 7935 1708 6023 7661 4928 4450 9156 4547 7350 1943 8411 1135 9232 6192 4801 9264 2651 1349 7400 5014 1759 9798 8138 8387 6316 5368 2066 6553 2470 4970 8018 9099 9170 3125 8023 1329 4634 8286 2145 5141 7286 8179 1255 1623 3570 8196 1339 9639 6711 4906 2642
7536 1225 9675 4330 9402 5981 6817 8056 7695 3904 2397 4895 6139 7522 2842 7506 7912 2369 4106 8932 2935 7264 4827 2980 1220 4105 3442 1090 8484 5771 4311 7079 3323 6415 2573 4576 4700 4039 6060 6239 5629 7573 8032 4544 9930 6513 3607 3747 8016 1053 6911 4046 4818 1221 1800 1853 5824 6497 3469 3653 4647 5130 3563 4511 5875 2677 9932 7286 2858 8915 9881 9018 5174 2082 8575 9938 8655 8990 2719 4352
6818 8781 7787 2572 1208 5164 2317 1697 2552 9406 2141 6576 7182 4616 3100 9186 7910 5905 7701 1325 7735 2925 8314 6667 2720 2081 3426 7637 4054 3748 1702 4325 7516 4670 1534 2373 2942 4136 2182 1292 3777 8989 2597 3393 6196 4900 7043 2662 7684 8181 3590 7336 2937 9070 6879 7251 5538 3023 3746 9744 5859 2176 3189 7671 2314 8836 4824 2466 6317 7659 8028 9986 3997 3274 8419 1576 2286 3035 9424 1660
2240 5288 6404 9586 7961 8997 8089 7378 9726 1213 9730 9347 2339 2883 8610 8193 2997 6028 9999 7494 3009 7581 8558 6470 1192 5795 3989 2662 3522 4547 4859 1532 3800 5682 6693 5362 9979 1323 8291 2516 2443 9948 6424 3961 2512 7986 1364 5215 7119 2926 1315 1002 1221 2886 2241 5673 6061 9007 7377 7709 5402 7463 2433 7775 6255 5752 3036 6075 2544 7785 7942 3463 5838 4527 2332 7558 3651 4989 1265 9634
6818 7138 7352 9402 6278 2104 9146 5582 5598 2479 2865 3773 6375 1308 1954 3701 9064 8672 1499 6256 3555 1731 9441 9510 8120 7067 6177 1128 7099 5798 6039 8793 1175 2852 2505 4567 8333 4824 8936 7175 9063 8791 5827 1421 7403 9274 1510 1105 3140 3376 6695 5266 3082 8455 6581 4008 5485 9665 3946 8005 6879 5290 3874 2843 6792 9363 5100 8095 9919 2786 3209 5134 8091 5839 8150 5930 3708 2999 6824 1530
6431 4566 4576 2243 5606 7036 9131 7160 6202 3294 8706 8964 2289 9587 6808 8393 1661 4689 2850 4774 2594 7045 1044 1818 4489 9169 7886 5369 8697 1592 6390 5590 9591 4607 7953 7887 1027 5521 7331 8566 9597 7124 3289 5080 3668 9235 6216 2459 4529 9127 5537 2447 9181 6044 3227 2244 4122 3293 6022 3060 2863 6084 1567 3786 2424 2347 3055 5379 9185 5310 1395 5270 1027 1149 8198 1948 7570 3565 2751 4782
9846 2747 5997 2031 1240 5071 9931 7206 8396 2098 8608 9937 2210 9897 1947 9752 9832 2023 8225 4621 8192 3831 5969 5914 3716 4744 5874 7341 4348 3538 2835 1218 4851 2721 2848 2898 9976 2602 9997 8606 4530 1597 6233 8849 1801 8252 3029 9088 2961 5273 8894 8224 6350 1240 1389 9049 7593 7092 3644 5105 3907 1832 9993 9374 9312 1180 5389 3053 3004 5569 5463 1959 8821 1598 8278 1317 9762 6964 8110 9078
2083 7047 8352 3129 9626 4086 1531 1587 5269 1839 1642 4415 2149 4652 9190 3601 4470 6067 7047 5406 3550 2053 7875 7870 4678 7159 8189 5847 5687 6575 1419 6223 7438 8850 5008 9334 1268 4267 2586 5693 3450 2326 6499 5386 6860 6970 5528 6665 2345 8064 2927 9763 4256 7909 8826 9876 8186 7287 6985 4454 7498 7706 1136 5890 9132 8478 5833 7902 7839 6291 4637 1325 9386 3798 2039 5765 1361 3271 4670 8315
1487 4690 2721 9326 7448 5406 2361 6738 6067 3287 8753 7674 8083 5754 7595 8072 3338 3868 5490 8840 3806 7126 8557 8819 7780 2718 8795 6048 6444 1380 4336 7373 1387 8228 2672 3143 5013 8571 3809 9970 4772 3124 1236 8467 7049 7855 4627 4750 1287 1089 8697 4694 8507 6338 5329 5511 9038 7178 2537 1155 4833 6015 3797 4977 1266 4964 8959 7129 3397 5548 7352 7931 3213 6843 1627 2328 2504 8324 5088 8526
4286 4229 1138 2499 8888 7317 5465 6450 8583 5519 5945 9930 1311 1293 5708 5244 9066 4094 1416 2765 8851 8636 4868 3146 9710 3147 3617 4318 5523 7914 8410 9559 5180 2234 5091 8244 7197 7103 4332 8229 6535 1481 6995 9371 4722 4727 9720 6735 5622 9214 3441 2833 3417 7389 7385 6921 4473 9020 3157 1317 4609 3501 4238 3187 5349 3728 9436 1665 2642 1614 7993 6799 2666 8005 3685 6622 2238 9063 2148 3274
7489 1305 3604 4434 9981 6582 3449 7793 4426 3146 5079 6594 4970 6200 4700 4900 3834 5215 4510 2408 2772 4705 8194 1241 7423 7786 3284 6636 6237 2217 7945 7012 2230 2437 3707 1609 3049 6636 7592 6251 3281 3581 2992 9654 8514 5094 4506 4505 2627 7375 9554 7778 2443 9842 2515 4115 4465 8000 4774 9806 1558 7917 8234 1035 1054 4277 8695 8541 1876 3151 9685 2142 6207 8627 6127 5294 4712 7826 3338 4245
3438 8280 5423 7516 4910 9130 9290 1262 6865 1272 8756 3260 2186 4532 5323 6066 2570 5083 4340 6408 6692 4826 5346 7778 6982 8776 8541 2158 4000 8896 6283 4037 7550 4181 3683 3457 4861 9077 2789 3064 2368 6718 7642 5024 7784 5856 6137 1217 2879 5761 8794 3344 1509 7329 8528 7570 6969 9921 9556 3973 3212 6734 2677 8139 4490 5882 1160 1979 3415 8267 3575 8987 1956 1785 5187 3415 9719 1801 4679 1143
2911 3981 7994 8382 3434 9899 5257 9219 5164 5004 2007 5101 9942 9723 8398 2959 9831 8805 1835 9825 7139 7303 1342 5519 4637 6082 7078 2561 9913 4026 5209 5471 4773 6535 8274 1432 6569 9930 3026 9055 3291 3852 5776 9406 5416 8118 8621 8164 4175 5404 1301 3141 9580 1894 1457 7442 8495 4470 6735 7971 6034 1458 5952 6306 5647 1263 5455 2037 1523 7201 7703 9851 1002 5530 3050 7431 9091 9628 5678 4793
2936 5644 9513 6802 8350 8942 1495 2158 4698 1017 9358 1865 8771 6983 1057 4338 1982 7128 6113 2336 5685 4315 7681 4271 1111 8004 3459 4370 6786 4320 5079 1367 2876 4526 7953 5069 3518 4723 3237 8909 8264 2404 2472 2060 4730 1949 5558 2541 8303 5098 2339 6213 2038 4149 6863 4748 2743 6199 9712 8263 2359 7472 5798 8566 7249 4834 9983 2000 3212 7040 3990 4309 9473 5357 2144 5200 9491 1551 9737 8975
2730 1675 2773 1852 2460 5250 3057 1682 3412 5073 4693 2683 2942 9219 2591 4774 9388 7837 7482 7458 7155 9041 5435 6214 2253 6814 8209 4270 7968 2501 8000 7944 1475 1486 7307 4385 4034 9650 8004 6801 6533 6453 9044 4976 5546 4438 7411 4309 1569 5313 9723 4502 6425 3148 6766 7377 3549 1147 1691 6308 1141 2614 1204 1178 6237 6882 8505 8567 8059 7523 3209 4813 4239 9610 2432 2888 7667 5574 9809 1188
8481 5149 8742 6601 9700 7607 3568 4301 3903 7981 7332 1961 4033 5206 1945 5651 4867 9042 8991 4686 6933 1201 1200 1122 2658 2677 6730 6634 3996 5754 9824 9322 5459 6772 4742 2577 8470 2279 3177 2447 4429 9763 9483 8150 8552 4721 8431 9855 7907 4185 4006 6523 7893 2302 4695 6688 3914 5205 7055 4384 1586 5791 8949 3834 8747 1523 3319 4168 7227 9112 7118 6211 2991 8505 3946 1042 8965 3620 9041 7075
8647 5007 6824 8779 1634 2993 8012 2227 8929 7125 9222 9935 1134 3858 3854 8460 4157 5403 3883 7706 7711 4783 7245 4212 9725 8610 4264 8297 1412 5811 5747 2950 4091 7635 7532 7728 7298 2253 5725 3489 7468 1135 2619 1609 7884 9249 9058 7535 7991 9803 3096 5072 5294 6487 4333 2416 6348 9493 2244 2815 1149 7751 5526 6960 9876 6202 8467 6028 4951 2414 3760 2169 5013 6869 4905 1623 2203 1895 9645 3317
4368 3112 9904 4145 5144 3696 6052 3657 5239 8357 8307 6227 1927 6874 9850 3270 8172 2222 5155 3196 7248 2959 7830 7582 4050 8566 3312 3589 6579 9272 2573 7819 9105 8283 5898 5464 8863 5705 8918 1786 2007 4265 3559 6498 2872 3831 6662 3915 2630 2946 6447 3509 9580 7175 3829 7307 3757 5842 8640 2351 9829 6670 1362 8261 2344 2384 6800 9039 1385 3020 8033 5509 5861 6028 7941 4376 8913 6354 8359 6029
5473 1605 7614 7167 3458 1822 6915 4167 7278 6601 2614 9584 6354 2252 7561 6818 2279 8008 4220 2436 2920 9643 8118 4775 2974 8566 6149 1455 1516 8636 4240 7974 8414 7909 9764 9886 6347 2377 6798 8632 1028 6043 8362 4716 3907 1475 7581 3576 1586 2029 1792 4015 3773 7090 2143 7090 1827 1067 6889 2375 6970 1636 9182 1047 7166 9854 4428 7997 5242 9221 7045 4298 8495 7849 1599 6608 5115 7627 9588 3439
5777 3327 1858 6203 5335 4695 3163 5986 1682 3423 6621 6061 3857 7535 4268 5687 6186 5073 3469 3681 6666 5045 5214 7207 4919 5565 4245 4379 4401 7745 3701 3950 6820 3164 3982 6867 3467 9174 9573 9531 4519 2592 1572 1088 5492 4387 8999 3958 4594 6320 2581 7791 1888 6657 6159 5817 6422 6877 2726 4683 9354 3161 3524 4290 2787 6255 2224 9755 2707 1477 7523 1340 1286 8554 8192 9340 8471 4798 4266 3515
2371 4093 5033 7552 2265 1760 6238 4037 1937 8114 1325 3391 8427 3596 9606 1336 6163 3806 7359 6023 4576 7420 2710 8417 8722 1576 5409 1185 4031 2990 2994 8311 6242 7949 2800 3914 2988 7981 7907 5860 6963 9469 4664 4656 3353 4904 5974 8703 9004 9266 2471 1978 1175 5102 9140 1583 9578 5636 2469 6944 7320 4216 1460 5943 8270 8069 7867 9621 7534 2538 8431 4074 1345 9045 7265 1828 5043 5992 1797 6516
1186 1288 2999 7867 7307 1601 9543 6080 7344 6518 4004 7540 4263 5858 7077 1148 2139 9123 8992 7718 4200 4322 6522 3015 7029 3032 4709 2070 2957 7506 9280 8531 2529 1412 2072 6778 2134 2567 5446 2571 2050 7866 8463 9608 8337 8584 4313 4763 1870 5472 2918 5146 2917 7381 1295 9966 6392 4427 8056 5509 1284 9747 9413 1600 8336 1113 5185 2117 2844 1755 5340 9532 2512 7198 4606 4551 7568 6052 1350 1252
2749 1243 5129 1060 9973 8858 8928 6516 8101 1185 1502 2927 7429 5720 7194 7282 7901 1869 9852 4028 6564 5758 6457 9663 9651 3728 4509 2762 3159 3224 9050 2954 6718 9094 4590 5674 9054 8969 1079 4791 9996 2642 5958 8170 1330 8669 2087 4616 6321 9614 6081 5224 7089 3977 6007 9096 4441 8237 4025 9832 1643 3990 9877 7305 6534 9810 2040 8638 8274 4816 4587 8491 9141 5848 4095 2277 8694 4663 3670 6692
1806 7143 6461 7583 8116 4278 6187 9968 5065 4191 6420 6700 3283 2400 3293 8958 4822 3467 6641 5445 3396 1177 5649 4414 8697 5350 1599 7429 2267 7233 2231 3409 4590 7337 6754 6541 1140 5295 6667 3915 6031 3818 5776 5671 6537 1874 1971 3557 3724 9942 3325 3595 7203 6544 9650 5145 5726 4120 7663 4576 6095 5890 1486 9706 8522 3337 8674 3779 1195 3400 9311 2310 4773 2388 6280 5160 4600 6362 1569 1886
1212 8225 4374 5169 7444 8817 7570 2555 8460 7667 9718 5725 4758 5905 7257 7547 8268 5146 6897 7822 2338 6739 2460 6317 9387 5019 1260 6010 9904 5972 5872 8200 2245 5605 9896 1605 5215 9491 3757 8636 9737 8681 6095 2197 5055 7305 6073 9574 6040 8756 7764 6540 9284 5589 1948 3822 7601 9147 1704 8436 8328 5324 8862 1333 5896 6157 4856 4217 7716 4023 5926 5425 4935 2946 2789 5261 1277 1974 5663 5860
1941 5023 6684 4981 6282 7285 2717 2442 9395 2174 4285 2822 4596 1423 1049 2812 2880 2970 9558 9862 4171 1707 9042 4668 6811 1919 1396 6544 2338 9172 7120 7459 1212 5509 4905 4408 7983 9287 5147 3500 1601 8715 1415 2846 4584 8271 4598 1696 1339 1916 5205 2120 5373 6815 9321 7410 7350 6094 6450 5489 4003 3283 7621 9236 8815 8060 7501 3377 9056 4251 5510 4488 8048 6511 8300 5441 4579 9151 2901 4444
8167 9687 9439 1620 2451 3382 8148 4092 8975 2429 2391 4899 9554 5990 8389 7508 1711 2388 3911 3676 2058 3145 4002 8091 9429 7123 9524 5368 3336 7266 8739 8653 2906 7748 7154 2364 7006 4637 6567 5905 4662 1767 3805 7393 9563 2218 5828 9106 8010 7523 8370 7732 3370 7283 4145 5018 7672 4495 1183 7610 3925 5940 5232 3023 1031 6689 6716 6042 2386 2316 6598 3692 9346 9799 7020 3059 4814 4968 3395 8317
6800 5759 5495 2920 1450 2256 5006 3032 6796 8933 8300 7167 2229 6748 7526 6570 2369 6757 1044 6933 1963 7221 9434 5821 2609 1198 3494 2036 3283 5495 6598 6202 6350 7008 1079 5736 9914 2325 3919 3364 9139 2007 7021 4663 5040 7246 9869 5223 8708 6673 6376 2563 2960 2485 7558 8298 2929 2481 4369 9386 6294 6162 3683 1482 8097 9624 5144 5325 8948 5409 1223 9770 1500 3569 8134 7435 8475 2139 5400 3094
3848 1330 9261 1757 6055 2379 8709 3388 1914 7137 8438 8964 7241 4635 6653 8345 5605 5736 9694 8637 3297 7083 5181 8466 7152 4513 8919 9449 9383 5566 2924 5803 3326 5940 6508 1181 7570 1170 1509 4205 1966 5120 6440 1484 6378 2131 5435 1056 3585 8421 2150 6523 1651 4304 3762 4823 7892 2448 7420 9009 4318 4217 5203 2067 2381 6365 5163 5791 4847 5562 6168 8035 2983 8710 5911 4867 4581 2497 1875 2156
6723 2799 9975 6930 8539 3189 3087 5201 5698 6308 6607 3577 6693 8164 2428 7845 6418 2865 9991 3928 1161 8143 1624 4204 7556 1717 4165 2363 5170 1990 4606 3151 2360 7358 8942 4560 9083 3766 5964 3322 3861 9809 5883 1993 2792 1046 2017 8101 6179 6644 3096 6447 2913 3806 3716 2827 2301 2707 5912 4984 4689 7974 6830 7676 2105 1339 7646 1889 6149 9493 8904 4442 4996 6933 8904 6453 2198 9429 5781 7629
9899 3681 5816 3544 9972 6638 8575 7329 8397 1542 3938 3315 5592 4414 3362 7495 7560 4896 8179 2311 7627 5312 6867 6596 1318 6443 1295 6794 4826 2166 2233 4661 5003 7340 1264 7022 5912 1628 3143 7765 3969 8103 6290 7787 3907 7103 7556 1264 7882 4403 6895 9155 3076 7001 2175 5404 7264 9574 6916 4550 5591 2421 6986 4928 8083 6199 6285 2908 4336 8919 8397 5886 1431 3152 2790 3320 8681 9294 2013 6284
1797 3770 5055 7137 5591 1809 6290 9363 6205 6046 2333 2683 4703 6945 5671 4408 1063 7124 9995 2353 3926 4779 3493 7560 2438 1918 6116 2716 1538 8355 1014 9934 7098 4346 5573 8626 1276 9180 5129 4844 3324 7867 4115 7407 2822 6269 4337 2072 4370 7443 2727 7625 9028 6921 1774 2653 8202 4320 2839 9713 3873 9397 8853 2833 7911 1702 8224 7162 3339 1838 1523 9401 1956 6595 2328 7928 4943 2512 5551 8003
6552 5059 3008 2441 9990 6819 6962 6740 7940 7521 4643 5562 9483 1025 7852 6340 4630 6101 2520 8044 7005 6484 7755 5557 4032 5903 6912 4204 8687 4880 4512 3234 5570 6088 4078 7266 1431 8801 8787 5745 6598 7672 7500 1784 9765 6413 3116 5877 6828 3933 5008 8591 2938 4668 5043 1880 3498 8269 3190 6746 2388 1285 7869 2413 7285 9580 2555 5865 8375 8699 4780 6863 3932 2573 3169 5897 1125 6504 3244 4407
4782 4712 4598 1751 2516 8806 5708 3108 1506 6827 8387 6211 9891 8487 7258 9905 3500 7799 4033 2343 4000 5399 2520 7072 2843 5683 3214 3902 4016 5836 7804 3305 7315 7914 2643 9206 8156 2463 2596 3752 4658 6865 8425 2254 8505 7300 3262 6986 5814 6951 4898 4244 9584 4658 8915 3973 1078 9018 7848 9292 9507 7380 2448 2230 5415 3485 4490 8810 6625 8299 9731 2631 8352 7708 8873 3661 1861 2196 3311 2296
6202 2470 5498 4590 8729 5731 8467 4545 9854 3178 3521 5356 7636 9106 9328 9582 5330 7698 3419 7800 8861 6681 7758 3029 1639 7067 7740 6294 2696 7682 1052 2137 9414 5746 7958 8143 5428 1907 5485 5234 5992 7134 7385 4157 9536 8935 8689 2482 9457 4681 5785 5710 4314 9186 1291 1779 8798 4221 9650 7677 2803 2417 6137 9133 4971 4556 2645 5320 5904 6264 5363 8349 9321 3282 7061 2138 9386 2619 8774 3059
8930 8370 6504 2348 5791 2995 1256 9784 2431 7075 8077 1191 4838 8420 5756 5736 4642 5020 4872 9269 5364 9929 2310 9482 4244 1209 4202 6259 4454 4815 4277 3534 8645 1596 1584 7401 1566 8597 1272 1130 3649 6130 7221 3911 6182 6823 7972 2358 2399 9193 2852 9993 3969 7083 8046 4331 6730 3452 1496 1549 6060 3911 3601 8922 8909 5873 7434 2627 7612 4377 2482 3726 9383 8722 2083 4611 2879 5812 7421 1293
9968 8127 4596 8187 5812 3597 3675 8640 1391 4081 3602 3726 3953 2096 5115 3498 9690 4303 9721 7580 8611 4316 4643 7366 6605 6028 2873 2707 2891 3188 4753 7990 5052 9929 6937 3644 5773 2446 7675 5805 1856 7730 6239 6771 4347 3629 5983 2419 1409 5643 3033 1887 7862 4554 9919 6963 1574 4825 1322 3195 6525 8946 1862 8038 2852 9696 2838 8770 9268 5236 8800 6848 7061 6278 7407 2152 3545 1655 9533 4399
7167 8928 3175 5364 2263 3099 7402 1826 4139 1796 7546 4170 5354 8537 2060 3693 1778 8049 3309 2743 9682 2568 4334 4700 5966 4942 6635 9867 5625 4810 4536 8364 6225 6462 2806 8669 8820 7947 5870 2695 6326 6285 9921 6509 7999 1479 1900 8666 9889 8305 4519 9775 6261 1277 1915 6670 9251 2023 5241 3970 6456 7915 5728 7240 7029 7488 4938 7365 4881 9593 5864 7687 7098 1964 6249 1257 4921 2136 1954 5613
4101 8920 6341 2766 7593 1403 9937 1679 2591 5773 4136 3073 9028 6168 2876 2063 4945 5934 6286 5634 8975 3617 2809 7223 8962 7328 4570 6576 9307 5787 2682 6073 9853 3797 5130 4028 9450 1538 9671 6744 2921 8956 1407 8160 9204 5565 8250 7649 9859 6365 6176 1188 6367 3251 4283 7962 7047 1358 7801 9378 6016 7768 7491 8299 2674 3572 5438 6982 3099 3980 6992 5456 9582 7978 9313 1354 8268 4138 1106 3454
4893 8798 8826 5680 6342 7507 9785 8858 3207 1580 3446 2658 2545 6036 3427 4119 2349 6862 1522 6562 3278 6022 6251 4711 4526 9459 9620 2104 4256 3410 6754 6253 9398 7485 5460 4744 6177 7251 1974 6390 2098 1766 7567 2178 4876 2317 8055 5067 8416 8746 3612 1899 7733 8874 1279 4720 7595 8452 1223 8359 6826 6194 3152 6234 6499 6742 4191 7831 6753 1303 4080 2783 2917 3889 1304 9700 1517 9772 3202 4552
5738 5939 4954 2196 5759 9097 8543 6306 7116 4304 9818 8078 5297 9775 9380 2325 6282 2804 1731 4044 2078 1812 2131 3333 5275 8502 1270 2695 6779 7335 5329 2787 7488 3825 6369 8566 2010 4826 7036 3281 3546 4239 5489 8306 6550 5939 4431 1559 3924 7804 1359 6197 9389 3591 5367 7054 7325 5475 7780 8375 5625 4889 4338 2360 3700 4135 9648 4236 5523 3997 8898 8286 5641 6293 1535 2336 9465 3054 4887 9533
8388 7383 1331 9936 1813 4152 6324 5545 4954 6715 4717 8966 8925 2529 9731 9573 5702 7044 6676 5771 6754 5347 9418 6835 5014 3876 8721 1898 5258 8122 1504 8440 7332 8991 5106 7781 4784 6167 9701 3968 6737 2587 6713 9151 7673 3649 4612 7895 3793 1507 2813 2656 2210 5472 6782 4332 8768 5212 5718 5417 3902 8118 1899 7201 2830 7424 8378 9635 1134 1023 7375 8739 4633 9088 1834 2896 3577 6714 9684 9535
7023 6556 1687 3307 6569 4428 5602 2476 3533 1260 9297 5082 2709 7201 8954 8906 3340 5513 6766 7177 9460 9094 3782 4364 4603 2774 8734 6903 2909 2548 7987 7399 4966 7680 4527 9787 4370 8948 1454 1097 4994 5874 3093 3636 3685 6879 5031 2905 8114 4555 9562 4843 2476 4749 9393 1396 2007 2837 3028 8691 7304 4559 9706 3373 8207 3754 9035 7962 1628 6834 2545 2280 4741 4140 4106 1419 3636 2418 9743 6166
1842 2225 1409 2466 4638 6717 3002 2367 1824 9295 4924 3910 8362 1427 3728 6128 8475 2744 3871 1934 9591 4001 7155 3585 3749 3850 7492 2534 6864 7901 4069 2700 5599 8096 8736 5668 6066 2066 8928 4315 2306 6546 3297 3341 5424 9200 2598 5144 9789 9069 1610 7678 1487 6026 8944 2667 6024 4335 1278 4041 2961 3426 7929 9268 9300 4447 7641 9995 2353 9851 4953 7535 4131 1725 1988 6562 2453 3993 7197 4643
8048 8047 3771 3191 1421 7615 5072 1332 3874 8375 4233 1537 1241 9672 2018 9059 7697 3979 1064 1510 3238 2808 2455 8173 6421 6974 1348 7739 4502 5321 9133 8503 3617 3658 7203 8843 2527 2330 5856 2455 9411 9615 7059 6354 8144 8323 9559 2303 7998 6504 2865 5643 2215 8365 6267 5951 5422 2044 9687 4686 5600 1769 2626 3177 7744 4358 4469 3199 9941 8938 4211 2295 3189 7445 7733 6195 1918 7335 7490 1154
7200 2711 7832 8049 7578 9200 6558 2529 9038 5594 9701 1115 4675 8826 4042 6627 5832 3414 5083 4828 7130 3543 9793 6217 3262 1039 9091 1951 8942 4358 3992 9164 6495 7944 4851 9684 5135 9533 8468 8395 8823 2059 5273 6392 5275 2865 3283 5642 8510 3184 1723 3290 6128 5699 8835 8184 5120 8219 4046 5011 2728 2506 9464 2069 4360 4065 9747 4390 8770 2681 2187 2743 3038 8358 5041 4674 1796 4466 1632 9510
3393 7379 4130 2360 8489 8890 4058 2991 7450 9264 8966 9504 1587 6388 2240 2153 1480 5539 4126 7370 1447 5190 8454 7222 4233 9118 5855 6909 2511 3841 8868 6852 6868 6188 8999 8974 7651 1706 8825 2669 7513 7821 1162 8635 1178 6443 7049 5091 8485 8705 6265 6965 4789 5776 2708 2485 7232 1507 7716 1469 2984 5932 8319 9165 2366 4474 9679 2150 9006 1876 4644 1662 2801 8332 2135 8515 8947 9330 8535 9677
7474 4017 7576 1022 4080 2274 4201 4793 6742 7232 5365 5869 1280 7589 3763 1621 2048 2265 5977 4238 6830 8299 5564 9304 6266 8788 7796 1613 8813 5881 4861 3277 2195 9019 3833 8945 5192 4484 2618 6538 5382 5571 4049 2093 7651 2460 4902 2719 6842 5737 8298 5381 4231 9015 7788 1989 4856 6257 5774 6489 6373 3484 1284 4594 7889 2474 5508 5872 7881 9782 9440 1305 4415 5691 7715 3660 9383 9022 1657 6669
3777 1854 6611 9488 4570 8724 9267 4598 4147 8772 9073 4347 5476 6061 9180 7430 8789 6584 4454 6765 9884 6654 1856 8662 6370 5592 1877 6333 3648 1001 1582 3643 1922 6240 3674 6037 1177 8882 2008 4708 7592 1441 6943 9482 6384 8522 4846 9569 2254 5120 3224 6505 7888 6164 6285 1794 1735 1476 5523 1974 7603 2604 1487 1852 3151 7742 5373 7479 4208 4046 2335 7736 2589 8743 5988 3525 9599 8582 5930 7832
1483 5289 7212 5912 1781 5651 1054 8103 1755 7489 9782 3519 1971 8692 3405 8396 8108 6696 9427 7072 4831 5055 4905 6488 4156 5365 8482 5648 9571 7892 5358 9055 6792 1677 5593 3060 7241 6995 3351 1114 8432 3919 2430 6552 4998 1122 2932 5978 5191 7993 1167 6704 3097 7490 7505 1996 3165 9761 1368 3982 9698 6624 9848 2479 7301 8975 4650 4141 3940 4252 4811 5081 4902 8440 8248 2122 4727 5461 7084 6252
8805 8185 1426 5263 5127 1992 2605 1195 2733 6705 6936 4798 1151 9606 2370 8904 2144 9613 6797 9170 9472 2484 7838 9851 6302 7808 5065 2348 5355 2879 1364 1192 3886 1319 1983 8287 2281 8921 4403 5283 3825 7889 7309 6874 3111 9735 4469 9122 1886 3781 9344 8615 7820 8464 6033 8997 6208 2156 7930 9527 7279 1796 7932 3226 5646 9884 3241 1994 2316 9240 4366 1034 5555 2866 8563 8270 2418 2902 6921 2200
4788 4798 8897 8180 6563 2198 8965 5204 8961 3899 6053 3375 6334 3141 5344 8430 7705 2169 6142 8013 8926 6101 7999 6116 4089 7348 5179 6358 7096 6357 2331 3679 9648 4073 6905 9672 7742 1674 2312 8274 1000 2211 1207 6604 8624 6662 8839 1771 5375 7527 4136 9171 2352 2404 5307 2583 7783 6842 1966 3413 1366 4253 5209 7981 5651 7594 9444 4157 4437 6192 5538 7441 7988 1897 4105 5921 5728 2420 1256 5885
6853 1807 2680 4430 9808 9806 9253 9484 1219 7771 3335 6135 3894 8682 6249 3708 9215 9497 7594 9779 2569 5666 7585 9143 5785 7578 8005 1630 4839 6119 1683 1954 4890 7018 6765 3624 6547 2500 3921 8049 3410 5283 6869 8696 6400 7665 1662 3690 4467 8651 8420 1957 9885 1354 3107 6075 8609 6235 6146 9511 1190 8479 3870 6395 8354 4519 4767 4383 7609 6702 8492 9074 2195 3784 3320 4220 2063 4730 5143 1163
5600 6955 5647 5633 3135 5491 7705 2348 9105 3569 1082 8059 4964 2988 9758 2603 4526 8105 4192 7521 3295 3415 9296 3508 8485 8093 1913 4428 8982 1125 1377 2039 7725 8101 7480 5571 3928 7882 4024 3776 2086 8104 7260 6670 7259 2365 5160 9688 1222 1076 6753 6049 8600 3156 2639 6983 7040 9579 1106 9954 9147 1930 1722 2459 5339 1144 5459 9339 3075 6498 2005 8897 4942 6767 7711 9616 1097 6320 3423 9799
6465 7749 8719 1962 5169 8633 4222 5320 7282 3133 2954 2183 7739 1287 2176 2995 8033 6260 7664 2470 9766 4381 8157 5245 5061 5513 2186 3243 1924 2924 8379 8952 5018 7900 4104 9109 8041 4844 5266 9990 4469 5830 3615 2313 9922 2191 4606 3018 5758 1873 7516 3222 1739 6137 7087 1011 6296 9988 8571 7915 3237 5016 6625 8315 5472 5346 8552 9087 2997 4681 9448 5799 4412 7025 8591 2701 6830 9261 3074 9990
1438 4815 4983 3602 1822 4487 2932 5670 8837 4733 9993 5950 5950 8912 4946 4521 3812 1213 2974 4648 5344 4950 4138 6501 9475 4757 7344 3104 6673 9253 5725 9134 5393 9407 9829 9875 2075 3577 4002 1170 1760 6384 9196 3378 2636 5232 2970 6864 9039 9997 2694 6675 3795 8496 1426 5639 7998 6431 4385 4082 7680 4531 6625 1411 9163 5043 5600 3773 6652 3118 1391 9733 6011 1346 3817 9557 4297 8805 2228 2880
2675 4147 8409 5493 9677 2535 9997 1482 5313 9970 4261 2111 3226 9858 8033 6318 9721 3629 3284 8515 5600 1649 6314 3377 7989 1004 1340 8440 2805 4621 9653 5167 4083 5955 8784 6164 8324 1872 4644 3547 1876 6785 7797 3034 4335 1323 7296 5063 9867 7510 8767 1090 5034 7582 1532 1401 9941 9454 3947 3267 4117 8026 6151 3619 3175 5971 1152 6143 7467 5722 4470 2689 1025 7525 8642 8047 4240 2936 2186 9936
5788 8544 2334 1495 1784 9853 8929 8384 9214 8035 2542 8271 5106 1075 9364 9825 4530 8822 3040 3168 3349 8803 5742 8716 6188 6083 7295 2151 3920 8167 8365 5117 9394 6816 7990 1491 2338 7262 9697 9304 7454 6726 4272 2587 1562 1501 5521 5021 7339 8441 2027 3334 1628 7075 6944 2839 1650 8790 7433 9145 2713 8124 2943 5252 9152 2792 1747 2330 1765 6550 3776 3110 1638 5577 8299 7715 6691 5573 1090 6242
2886 4159 7352 2071 4144 7388 8883 9678 3881 7707 2085 5442 5953 6783 7600 6129 6623 3574 1588 2103 7708 1395 1794 1286 3162 8082 1922 4488 2252 2814 5341 3701 7236 8147 1672 5140 1529 2677 1102 9527 8101 2726 3838 8243 8427 9227 3386 8049 9692 5145 9295 6831 6723 3575 6123 2525 7838 6475 8879 1299 3281 4873 7037 5266 9006 9842 5410 1102 7866 8200 6100 9964 1353 9786 8592 8778 1773 3397 4968 8558
6484 4593 7527 8606 3819 3275 8936 5185 3278 6135 8124 6931 3767 5462 9989 6739 8342 1210 2253 6980 7604 1781 5302 3965 1706 4095 5702 9596 7617 4038 9560 3124 2150 2518 7313 4011 3232 6259 3180 8647 2722 6637 9184 2537 5794 1411 9771 2077 8664 8458 4090 4891 4040 3010 3904 1833 9938 4183 3779 3073 1446 9359 5179 9638 4764 8984 2600 1001 2295 9736 8817 7865 8791 6248 5093 5762 2956 8144 5723 3769
7313 9393 6354 3050 1300 6828 6710 1900 5593 2185 9285 1014 4147 3339 6552 1586 3245 3993 5104 3011 4697 6294 2090 7430 6234 7007 4641 9564 6313 6115 8942 5042 5483 4139 3623 6742 4327 1265 6088 6161 4864 4640 3131 7756 8002 4931 5323 1325 4513 6123 5085 4810 7485 1503 8070 3763 3705 4487 2052 7816 2028 3076 5341 1124 3165 6040 8772 9306 1025 4284 2373 9899 4557 3410 2391 5229 5147 7085 8871 8671
7690 1204 4518 7873 9029 7482 9977 5464 5912 5569 4176 1056 1509 2024 7453 7761 2693 4281 7553 9360 5462 4337 3016 5090 6380 8535 2642 8422 6186 1395 5957 7493 2633 3534 2532 1117 3281 8311 8284 1287 3779 4817 2542 9064 2615 7960 1001 4183 8052 9168 4507 2894 7789 7134 2349 1406 7447 1559 5790 6135 4284 9794 8917 2986 8238 9511 7488 8766 2361 6766 7554 1207 7991 7871 4277 2525 6131 4716 3203 1585
2633 5305 4695 6828 3991 5620 6672 5333 5507 9272 4229 4547 7228 1412 5477 7220 3666 7463 6404 4901 7150 2505 8024 2418 3936 6961 7005 6767 6577 1615 8236 9822 2315 5458 5671 1619 1027 4997 3780 3368 2191 8423 2934 9649 4227 6980 8192 8248 5022 8881 6868 7833 8221 8332 7999 2808 4992 9572 7179 5178 3411 7160 4851 9165 3264 8378 6331 9397 5879 6265 5362 7291 6248 9479 9029 7612 5660 8015 2597 4732
1188 3822 6011 5470 6517 7084 4752 2162 9751 5475 2707 1058 1040 7432 7418 4276 1861 8729 6896 7949 7509 2954 4021 1810 9299 2148 7656 7703 7206 5465 9763 3310 3686 5559 4200 2039 7969 7014 8496 6795 3847 9959 3052 7194 7433 1655 1103 5375 5225 5428 7664 9582 5958 1836 5339 7120 3143 5695 4917 1805 1906 9649 7542 1276 3558 6512 1026 6006 5773 5116 9902 9022 9530 1587 2612 6428 2192 3523 2115 6632
8949 1488 4049 6976 6438 6268 5145 6850 2827 3336 3434 3126 8083 1765 8733 2287 8213 5044 9131 4341 4230 6831 1080 5033 6734 2271 4114 1706 3825 4450 9109 4868 8838 8353 9237 7455 2290 3218 8764 5178 3333 1035 3678 8988 3591 5874 6948 4233 9253 1958 3582 8052 9536 2833 2448 4963 7148 9887 1735 1569 4867 4132 7305 2737 7478 9254 2104 5506 2041 4998 5541 2474 2902 2863 5649 4336 9544 6170 8514 6407
8808 7315 4546 6517 5023 8528 2914 6425 8576 5001 8716 4510 2615 5398 1184 7035 9100 3153 2525 1764 1846 7620 3743 9443 9732 4408 5847 1583 5064 2341 9182 1685 1780 5828 3288 9640 8108 5276 7595 3938 1117 4275 3022 9474 3110 6974 7394 5726 2859 7563 6169 5354 8167 3536 1900 5803 7023 5955 4721 4191 5372 3407 8251 5945 6949 2636 9003 5961 3514 6424 9787 2650 6549 6336 5544 9086 8740 7830 4783 9932
6655 7704 1811 4336 8422 8858 2142 6669 3460 7477 5918 1270 7773 8917 8050 9008 4464 2403 7856 8611 8759 5690 2208 5195 7843 3538 1919 5633 3258 7506 1701 1525 2913 1073 6778 6027 2030 7770 7154 7350 2960 7915 5296 5209 9581 7531 1941 4330 5962 9666 9977 7641 9853 6671 8835 4039 1048 9683 4883 2248 2420 2656 9209 3444 6258 2543 6673 8225 9829 4555 6666 1849 3325 2627 2849 2176 4029 2016 6104 3714
6799 6920 8819 6899 8050 1685 8756 9419 5734 2397 4773 2701 1044 4893 4272 9464 1084 3759 5963 6644 9505 4165 8863 5534 3632 5949 9876 8340 2235 8551 2200 5180 5693 5890 2069 5032 9404 9278 6631 6877 8018 4551 4088 5592 1777 8803 1207 5929 5934 8169 5888 6213 2647 6486 8168 4543 3605 3273 4457 8705 8939 6818 3055 9756 3963 7780 7445 4503 2355 5876 6747 3793 9678 1239 9688 1378 6749 9740 7793 4994
9767 3900 7498 6227 8191 9860 2860 9348 3106 4161 5576 7028 3639 8228 6198 3456 9348 4735 8411 3816 6727 9378 6084 2975 2480 4312 2444 4553 2066 9506 8097 5037 7112 7458 5716 1058 5076 9835 4256 2070 2578 4405 8039 5496 9657 3620 8556 1309 1527 5056 1575 3150 3284 9847 7169 4311 8179 9058 3119 3729 5225 1799 3870 3718 1999 6980 1384 1974 6798 8804 3844 7891 8731 7412 1354 9024 1197 5175 5530 3160
9081 3466 8903 1006 1974 2138 1056 5318 7052 2154 7431 3801 8521 6116 8917 9094 6350 9321 6785 8711 3429 6129 1049 3429 5181 7332 7578 1438 6342 4878 2569 7882 5549 4492 2524 7163 6848 8286 9539 1465 1392 5874 5590 8346 6172 5982 6328 1038 6725 9159 9311 5396 9509 8565 6615 1626 5489 2410 9775 4868 2635 6899 3980 9754 6584 7580 4548 5866 8767 9316 2263 7718 1229 2618 1386 9424 6228 5219 7551 9135
5340 2180 3527 6570 8291 7032 3551 7712 3626 4573 8806 1567 1131 1318 8479 8722 5377 7015 8419 1858 5372 5372 2254 4325 4962 9299 5289 5839 8170 5985 5645 8705 3635 6679 1532 2777 5007 7409 7094 8935 5974 3661 5496 5334 4440 3614 3640 2180 3382 1234 8271 9814 1037 7565 9163 4089 4306 8496 6280 8961 5036 6621 4964 3885 5099 8453 6805 6168 4528 5264 1239 8673 5923 9240 4844 3889 8076 3862 8800 4237
9884 2543 8383 4364 7161 1910 2695 5951 3530 9368 5711 2909 5604 7096 3401 1268 8884 4888 5104 4326 2206 1498 3775 5945 7150 5260 2459 7696 8518 1345 9519 2880 4790 6147 2965 5973 6729 8296 1199 8843 5708 2273 7088 8981 1296 9998 7836 1130 9448 8009 4944 8274 9426 1894 5037 7832 3578 6888 8542 8807 6617 9442 7086 3621 1257 2167 7804 3255 8470 3142 1223 8266 7593 3453 7933 8364 1413 8642 5749 7482
7821 1571 6944 6409 9022 5488 9627 2686 7254 2220 7823 7840 9683 4981 3983 5877 9915 6470 7207 9931 5513 2023 6793 2213 4680 1878 9744 3326 4069 9750 9791 7534 9251 6540 9853 7891 3324 4983 1127 7849 6994 6358 9427 9274 7499 4001 2563 1761 5889 3703 6458 6059 1532 3088 3987 4830 8091 6251 2288 8399 7815 1462 1426 3414 6273 5301 3849 9707 7195 8516 9369 6472 3871 7383 6286 6141 8048 4548 8412 9128
3069 5802 7622 3863 5417 6093 7789 1189 8011 2150 5905 8447 4062 9372 6370 4589 3011 9854 9060 1534 6481 7098 4474 6358 3386 1333 4837 4605 8678 8333 3312 1826 2069 8549 7490 5748 6373 9589 3599 3154 6254 3322 6638 5096 8689 2104 2905 6472 7610 7434 1956 9482 7328 2115 3613 6852 7131 4540 5357 6911 3689 7011 5125 6403 8511 9174 2275 9668 2699 3115 7663 2481 7464 9539 5269 6634 3642 1009 2469 7911
9253 8579 6224 5961 3336 3350 4586 1567 9847 2397 4342 2983 7024 8945 5274 8083 9862 4029 8294 2893 2946 2485 3507 4467 6567 6384 2418 8562 6853 7544 2545 4148 9806 7961 2797 7923 8852 2306 9650 4752 3272 3747 5709 7930 3741 9733 2415 4026 3756 9215 8012 5213 1338 9284 3108 2582 1959 2846 5784 8872 2160 8134 2621 7285 7901 5631 5859 7977 3455 4571 1981 8223 8030 6143 2659 7924 2338 2366 5405 5081
1616 8768 7403 1694 2707 5917 7924 3276 2064 9466 1549 3284 9903 2589 2226 1164 7248 3942 2210 6183 4124 9138 9305 5335 3205 1684 4667 6261 2213 6843 8032 2333 2659 4582 3952 6761 4916 5923 9609 6067 8423 3728 3338 1236 9344 1736 6542 5794 5393 6271 6991 7080 8435 8366 1849 8501 1361 8202 8757 4533 1848 4867 3542 6051 9486 3052 2719 8324 9773 1632 9498 8554 5480 8696 7919 6955 4471 6857 9683 6015
1006 8500 4399 3144 3210 8580 8040 4124 7312 3201 7283 8168 7655 6848 3049 1434 8426 4491 6655 3984 3591 4436 2757 9077 8903 6234 9225 1811 9485 2657 1737 3829 8613 7891 5490 2947 3160 9411 4139 3453 7570 9421 7644 8368 1437 8456 5827 4020 2660 6649 8471 3721 5661 1051 2653 7819 4821 1644 9909 2491 4140 3813 8809 2210 9906 6185 1738 7887 3969 2030 7845 9559 5907 6659 7319 5901 6637 9809 9909 8844
3744 1694 8467 1341 4578 4888 9601 5333 2270 8785 4622 4706 3871 5014 6030 5282 6324 1778 6785 7349 3009 7757 7792 4672 3821 7494 3869 6313 4418 5508 4084 1769 9235 4007 5995 9082 6763 1290 9909 6193 5992 7329 4022 5255 4780 9933 7596 9916 3801 1018 6668 3924 3399 4953 5987 8060 1321 3335 7330 8269 5584 1249 6322 6407 2303 1910 1130 8635 6380 7555 8031 5927 3788 3764 7676 9753 6593 7268 8218 3228
1282 5897 9595 3025 1385 1219 5436 4952 7207 3152 6498 9977 8115 9072 4512 6384 3574 1712 2794 2852 7926 1007 7029 1196 9027 4384 7452 5392 8219 9717 2733 8653 4711 8623 1531 7563 2968 6720 5067 4910 8820 2562 7369 1124 5134 4543 7774 9243 4821 6693 8742 9131 4905 9442 7830 6530 8589 7595 7466 5536 5918 8040 6166 9221 7253 7865 6861 1049 7221 4812 8951 7812 3869 9778 7691 3296 4487 1779 6974 7313
